21206
21231
21224
21211
21223
21218
21205
21211
21205
21231
21226
21215
21224
21224
21202
21201
21205
21224
21231
21230
21222
21201
21223
21202
21231
21231
21215
21223
21212
21224
21230
21224
21201
21201
21206
21230
21210
21206
21213
21231
21218
21224
21202
21214
21202
21224
21223
21222
21230
21201
21224
21231
21215
21211
21225
21231
21224
21206
21230
21210
21218
21230
21223
21217
21226
21230
21224
21234
21211
21202
21224
21224
21201
21215
21202
21230
21230
21230
21230
21230
21230
21230
21230
21230
21201
21202
21217
21231
21231
21231
21211
21212
21202
21224
21224
21202
21224
21217
21223
21223
21223
21224
21202
21209
21202
21201
21201
21210
21224
21218
21213
21202
21202
21202
21202
21202
21201
21223
21231
21230
21201
21230
21202
21231
21202
21230
21230
21201
21224
21231
21206
21224
21202
21201
21231
21224
21224
21224
21230
21224
21202
21231
21201
21210
21231
21210
21211
21230
21224
21231
21224
21206
21225
21225
21225
21223
21231
21224
21234
21218
21234
21230
21231
21224
21202
21217
21211
21202
21215
21230
21215
21202
21202
21224
21231
21231
21224
21218
21201
21202
21201
21202
21231
21230
21201
21202
21212
21202
21201
21215
21202
21224
21224
21224
21224
21230
21201
21201
21231
21224
21230
21210
21231
21231
21223
21230
21217
21231
21230
21224
21227
21234
21201
21215
21202
21206
21201
21202
21201
21212
21202
21201
21218
21201
21218
21202
21230
21230
21224
21224
21231
21231
21201
21218
21224
21202
21202
21224
21215
21224
21224
21201
21202
21239
21201
21211
21202
21218
21202
21209
21218
21217
21210
21230
21231
21224
21239
21202
21231
21202
21202
21230
21224
21201
21201
21213
21211
21201
21217
21201
21201
21201
21223
21231
21202
21213
21223
21223
21205
21225
21202
21202
21223
21202
21201
21202
21216
21223
21213
21206
21213
21230
21201
21201
21225
21224
21230
21224
21211
21226
21202
21201
21230
21211
21208
21202
21224
21214
21217
21202
21202
21202
21230
21224
21209
21224
21209
21224
21226
21226
21205
21224
21205
21202
21230
21215
21230
21218
21215
21224
21201
21211
21201
21231
21234
21226
21230
21224
21202
21224
21209
21217
21202
21205
21224
21210
21211
21231
21202
21211
21224
21230
21201
21222
21201
21218
21210
21223
21201
21230
21201
21213
21225
21230
21215
21224
21231
21231
21201
21211
21224
21209
21212
21215
21214
21224
21201
21202
21224
21226
21202
21224
21213
21201
21231
21214
21202
21202
21201
21205
21202
21224
21224
21224
21211
21231
21231
21201
21224
21224
21202
21224
21224
21230
21224
21202
21215
21218
21202
21226
21218
21226
21224
21230
21231
21230
21212
21216
21230
21216
21202
21224
21201
21202
21231
21202
21205
21202
21202
21231
21211
21202
21202
21230
21230
21207
21202
21207
21206
21211
21211
21226
21229
21218
21231
21231
21217
21217
21224
21224
21224
21201
21201
21205
21230
21224
21202
21231
21205
21222
21215
21202
21231
21223
21224
21223
21202
21214
21202
21202
21211
21217
21201
21202
21212
21215
21224
21223
21229
21201
21205
21202
21217
21211
21211
21205
21224
21225
21230
21224
21224
21218
21202
21218
21201
21205
21231
21224
21217
21216
21202
21231
21230
21226
21231
21224
21215
21201
21224
21230
21215
21217
21201
21224
21230
21230
21205
21231
21231
21202
21202
21210
21224
21224
21230
21218
21201
21227
21230
21230
21201
21224
21202
21202
21231
21231
21231
21210
21210
21230
21206
21223
21230
21202
21213
21217
21202
21226
21224
21222
21230
21217
21224
21217
21231
21224
21201
21206
21202
21224
21230
21216
21224
21224
21224
21206
21211
21201
21227
21202
21202
21234
21214
21214
21230
21202
21224
21211
21201
21201
21201
21210
21230
21202
21205
21251
21201
21202
21230
21201
21201
21202
21223
21224
21202
21224
21217
21201
21209
21230
21201
21230
21230
21212
21231
21224
21202
21224
21202
21201
21218
21218
21230
21224
21205
21212
21211
21201
21230
21213
21229
21215
21218
21223
21218
21213
21217
21218
21229
21231
21230
21230
21202
21224
21230
21230
21215
21224
21224
21231
21225
21224
21224
21202
21201
21230
21214
21202
21225
21223
21230
21202
21211
21202
21211
21231
21202
21210
21201
21218
21224
21231
21202
21202
21224
21230
21230
21202
21202
21202
21202
21202
21218
21218
21224
21202
21202
21212
21224
21223
21202
21230
21202
21223
21202
21218
21201
21215
21202
21202
21215
21224
21201
21231
21230
21202
21216
21223
21224
21224
21223
21230
21202
21206
21224
21230
21202
21224
21231
21231
21212
21214
21231
21223
21206
21201
21202
21218
21229
21224
21215
21206
21215
21206
21230
21215
21216
21230
21230
21201
21211
21201
21224
21231
21224
21218
21206
21224
21230
21214
21211
21231
21215
21218
21201
21230
21216
21201
21229
21230
21230
21231
21231
21224
21230
21231
21202
21224
21202
21218
21224
21218
21213
21202
21231
21231
21202
21231
21224
21224
21231
21224
21202
21223
21202
21217
21213
21202
21213
21230
21223
21202
21230
21223
21217
21230
21201
21217
21201
21224
21230
21224
21224
21210
21230
21202
21215
21211
21223
21224
21231
21231
21205
21224
21215
21230
21231
21201
21201
21202
21201
21218
21215
21202
21217
21230
21201
21224
21206
21224
21215
21215
21211
21223
21230
21201
21211
21202
21230
21231
21234
21230
21224
21231
21225
21202
21201
21201
21211
21202
21230
21202
21202
21202
21213
21201
21218
21202
21229
21211
21215
21212
21206
21206
21224
21215
21230
21223
21229
21201
21215
21202
21230
21211
21231
21231
21230
21202
21224
21231
21201
21202
21212
21231
21218
21230
21223
21230
21201
21224
21218
21230
21230
21224
21202
21224
21215
21218
21202
21225
21224
21224
21217
21206
21213
21202
21231
21218
21217
21216
21210
21231
21222
21218
21224
21218
21202
21224
21206
21217
21215
21218
21226
21223
21223
21224
21215
21202
21212
21214
21218
21210
21211
21215
21230
21202
21227
21231
21224
21201
21224
21223
21224
21218
21230
21231
21230
21201
21231
21212
21225
21202
21201
21230
21226
21225
21202
21215
21212
21202
21202
21218
21231
21210
21218
21202
21213
21202
21202
21201
21230
21202
21215
21224
21202
21202
21231
21224
21230
21224
21224
21231
21224
21229
21206
21212
21206
21230
21215
21215
21224
21224
21230
21215
21202
21202
21202
21202
21218
21231
21231
21226
21215
21213
21201
21202
21225
21211
21231
21224
21223
21230
21223
21231
21202
21220
21202
21230
21239
21218
21205
21223
21230
21223
21202
21201
21213
21212
21230
21224
21202
21212
21223
21210
21201
21231
21201
21224
21223
21230
21224
21223
21224
21231
21202
21224
21230
21202
21205
21210
21230
21230
21201
21224
21231
21206
21201
21201
21201
21201
21224
21231
21213
21224
21231
21201
21202
21230
21224
21231
21218
21224
21218
21231
21202
21211
21215
21230
21230
21230
21231
21230
21206
21230
21231
21223
21218
21216
21230
21225
21230
21202
21201
21202
21202
21201
21201
21223
21201
21231
21230
21224
21224
21224
21201
21223
21231
21223
21230
21224
21215
21207
21224
21223
21218
21218
21202
21230
21205
21202
21209
21224
21218
21201
21201
21217
21230
21201
21224
21213
21225
21213
21251
21202
21230
21202
21287
21229
21231
21201
21217
21218
21230
21231
21210
21225
21224
21202
21211
21202
21218
21230
21229
21229
21230
21224
21230
21202
21231
21231
21202
21218
21212
21201
21212
21226
-21226
21226
21213
21230
21217
21201
21230
21218
21230
21231
21230
21202
21224
21230
21231
21201
21201
21202
21231
21202
21207
21231
21214
21202
21201
21223
21218
21201
21201
21213
21213
21201
21210
21224
21206
21218
21205
21224
21224
21201
21231
21212
21231
21206
21214
21230
21224
21231
21202
21229
21231
21202
21213
21224
21224
21218
21218
21214
21202
21223
21201
21215
21202
21224
21231
21230
21214
21201
21231
21201
21224
21230
21218
21206
21230
21213
21230
21226
21224
21231
21230
21231
21202
21202
21231
21205
21224
21224
21218
21213
21205
21224
21224
21202
21202
21202
21224
21215
21201
21215
21210
21230
21213
21202
21201
21230
21205
21201
21218
21201
21231
21231
21202
21230
21224
21224
21205
21201
21223
21225
21202
21214
21202
21224
21218
21217
21202
21224
21224
21224
21212
21215
21237
21224
21218
21222
21223
21215
21201
21224
21218
21212
21215
21202
21223
21217
21231
21213
21206
21214
21224
21224
21205
21211
21218
21212
21215
21202
21201
21201
21215
21224
21212
21212
21231
21230
21212
21231
21213
21211
21224
